packages/runtime-sdk/package-lock.json
  h_af5ac1a9798224 3,20-1610,1627,1644,1661,1678,1695,1712,1729,1746,1763,1780,1797,1814,1831,1848,1865,1882,1899,1916,1933,1950,1967,1984,2001,2018,2035,2052,2059,2079,2093,2107,2121,2135,2149,2163,2180,2197,2214,2231,2248,2265,2282,2299,2316,2333,2350,2367,2384,2398,2412,2426,2440,2454,2468,2479,2486,2493,2510,2537,2550,2565,2580,2593,2608,2618,2628,2645,2655,2673,2683,2690,2732,2742,2752,2770,2785,2792,2799,2809,2816,2835,2842,2852,2859,2872,2901,2947,2954,2964,2971,2978,2991,2998,3005,3022,3032,3042,3052,3066,3141,3164,3237
packages/wave-runtime-mcp/package-lock.json
  h_af5ac1a9798224 12
packages/wave-runtime-mcp/package.json
  h_af5ac1a9798224 16
---
{
  "schema_version": "authorship/3.0.0",
  "git_ai_version": "1.6.22",
  "base_commit_sha": "28e963907bd1c5d0ad3a539a45871f02189c2c50",
  "prompts": {},
  "humans": {
    "h_af5ac1a9798224": {
      "author": "Jake Fineman <jakefineman@gmail.com>"
    }
  }
}